
#include "matrices.h"

// Fast model
mat get_A_fast() {
  return {
  {0,0,0,0,0,1,0,0,0,0},
  {0,0,0,0,0,0,1,0,0,0},
  {0,0,0,0,0,0,0,1,0,0},
  {0,0,0,0,0,0,0,0,1,0},
  {0,0,0,0,0,0,0,0,0,1},
  {2030.87303,0,-0,0,50.60643,0,0,0,0,0},
  {-0,2030.87303,0,-50.60643,-0,0,0,0,0,0},
  {-0,0,-4061.74609,-0,-0,0,0,0,0,0},
  {5e-05,-17780926.41385,-3e-05,-1380335.30572,-1e-05,0,0,0,0,0},
  {17780926.41369,-4e-05,-7e-05,-0,-1380335.30579,0,0,0,0,0}
  };
}

mat get_A_d() {
  return {
  {1.00025618646472,0,0,0,6.14623790807705e-06,0.000500042543348918,0,0,0,1.03628488520109e-09},
  {0,1.00025618646472,0,-6.14623790808607e-06,0,0,0.000500042543348918,0,-1.036284885202e-09,0},
  {0,0,0.999492324700268,0,0,0,0,0.000499915384585985,0,0},
  {0,-2.15952407561042,0,0.832365437982967,0,0,-0.000364106009603163,0,0.000471735366240138,0},
  {2.15952407558783,0,0,0,0.832365437974712,0.000364106009599568,0,0,0,0.000471735366238729},
  {1.0339490204273,0,0,0,0.0238749473531094,1.00025618646472,0,0,0,6.14623790807705e-06},
  {0,1.03394902042749,0,-0.0238749473531807,0,0,1.00025618646472,0,-6.14623790808606e-06,0},
  {0,0,-2.03052935867297,0,0,0,0,0.999492324700268,0,0},
  {2.00106725576966e-08,-8388.63128700144,-1.41495659667228e-08,-651.134554872729,-4.43953720149275e-09,0,-2.15952407561043,0,0.832365437982967,0},
  {8388.63128690091,-1.88710873448709e-08,-3.30156539222874e-08,0,-651.134554903807,2.15952407558783,0,0,0,0.832365437974712}
  };
}

mat get_B_fast() {
  return {
  {0,0,0,0},
  {0,0,0,0},
  {0,0,0,0},
  {0,0,0,0},
  {0,0,0,0},
  {0.81085,0,-0.81085,-0},
  {0,0.81085,-0,-0.81085},
  {-0.78167,-0.78167,-0.78167,-0.78167},
  {0,1713.82071,0,-1713.82071},
  {-1713.82071,0,1713.82071,0}
  };
}

mat get_B_d() {
  return {
  {1.01137272166542e-07,0,-1.01137272166542e-07,0},
  {0,1.01137272166542e-07,0,-1.01137272166542e-07},
  {-9.77004821937423e-08,-9.77004821937423e-08,-9.77004821937423e-08,-9.77004821937423e-08},
  {0,0.000208100393150022,0,-0.000208100393150022},
  {-0.000208100393149717,0,0.000208100393149717,0},
  {0.000403683489776752,0,-0.000403683489776752,0},
  {0,0.000403683489776751,0,-0.000403683489776751},
  {-0.000390768858669327,-0.000390768858669327,-0.000390768858669327,-0.000390768858669327},
  {0,0.808174604943897,0,-0.808174604943896},
  {-0.808174604941484,0,0.808174604941486,0}
  };
}

mat get_H() {
  return {
  {0.33798,0,-0.0066,0,0.00128,0,0,0,0,0},
  {0,0.33801,0,-0.00128,0,0,0,0,0,0},
  {-0.0066,0,-0.67598,0,-0.00011,0,0,0,0,0}
  };
};


// covariance matrices
mat get_P0() {
  return {
  {1,0,0,0,0,0,0,0,0,0},
  {0,1,0,0,0,0,0,0,0,0},
  {0,0,1,0,0,0,0,0,0,0},
  {0,0,0,1,0,0,0,0,0,0},
  {0,0,0,0,1,0,0,0,0,0},
  {0,0,0,0,0,1,0,0,0,0},
  {0,0,0,0,0,0,1,0,0,0},
  {0,0,0,0,0,0,0,1,0,0},
  {0,0,0,0,0,0,0,0,1,0},
  {0,0,0,0,0,0,0,0,0,1}
  };
}

mat get_Q() {
 return {
  {1,0,0,0,0,0,0,0,0,0},
  {0,1,0,0,0,0,0,0,0,0},
  {0,0,1,0,0,0,0,0,0,0},
  {0,0,0,1,0,0,0,0,0,0},
  {0,0,0,0,1,0,0,0,0,0},
  {0,0,0,0,0,1,0,0,0,0},
  {0,0,0,0,0,0,1,0,0,0},
  {0,0,0,0,0,0,0,1,0,0},
  {0,0,0,0,0,0,0,0,1,0},
  {0,0,0,0,0,0,0,0,0,1}
 };
}

mat get_Q_d() {
  return {
  {0.000500085134901956,0,0,0,0.000364162597829607,0.000256344320631174,0,0,0,2.15979680592576},
  {0,0.000500085134901956,0,-0.000364162597833203,0,0,0.000256344320631197,0,-2.15979680594836,0},
  {0,0,0.000499830836604843,0,0,0,0,-0.000507421474931193,0,0},
  {0,-0.000364162597833203,0,0.000920468125517157,0,0,-0.000285808485459762,0,2.17818840529854,0},
  {0.000364162597829607,0,0,0,0.000920468125505102,0.000285808485456901,0,0,0,2.17818840524286},
  {0.000256344320631174,0,0,0,0.000285808485456901,0.000675839368163013,0,0,0,1.46692508151394},
  {0,0.000256344320631197,0,-0.000285808485459762,0,0,0.00067583936816305,0,-1.46692508153005,0},
  {0,0,-0.000507421474931193,0,0,0,0,0.0011870987588507,0,0},
  {0,-2.15979680594836,0,2.17818840529854,0,0,-1.46692508153005,0,12368.8768023905,5.96662645516004e-08},
  {2.15979680592576,0,0,0,2.17818840524286,1.46692508151394,0,0,5.96662645516004e-08,12368.8768021333}
  };
}

mat get_R() {
  return {
  {0.030519, 0, 0},
  {0, 0.041962, 0},
  {0, 0, 0.022074}
  };
}
