/*
 * Academic License - for use in teaching, academic research, and meeting
 * course requirements at degree granting institutions only.  Not for
 * government, commercial, or other organizational use.
 *
 * File: observing_data.c
 *
 * Code generated for Simulink model 'observing'.
 *
 * Model version                  : 1.125
 * Simulink Coder version         : 25.2 (R2025b) 28-Jul-2025
 * C/C++ source code generated on : Fri Apr 24 14:58:20 2026
 *
 * Target selection: ert.tlc
 * Embedded hardware selection: ARM Compatible->ARM Cortex
 * Code generation objectives: Unspecified
 * Validation result: Not run
 */

#include "observing.h"

/* Block parameters (default storage) */
P_observing_T observing_P = {
  /* Variable: obs
   * Referenced by:
   *   '<S5>/MATLAB Function'
   *   '<S5>/MATLAB Function1'
   */
  {
    0.030119178665731,

    { 0.0, 0.0, 0.030119178665731, 0.0, 0.0, 0.0 },

    { 0.0, 0.0, 0.0, 0.0 },
    0.01,
    6.0,
    3.0,
    1.0e-6,

    { 0.0, 0.0, 0.0, 2030.8730330942383, -3.3581355289117693e-9,
      -7.1054273576010019e-9, 0.0, 0.0, 0.0, -2.4401776895407088e-9,
      2030.8730330971891, -6.2172489379008766e-9, 0.0, 0.0, 0.0,
      -3.527271067819508e-9, -2.9345738801940964e-10, -4061.7460937895089, 1.0,
      0.0, 0.0, 0.0, 0.0, 0.0, 0.0, 1.0, 0.0, 0.0, 0.0, 0.0, 0.0, 0.0, 1.0, 0.0,
      0.0, 0.0 },

    { 0.0, 0.0, 0.0, 0.81083154186238171, 2.7177334456969992e-10,
      -0.78165132766372381, 0.0, 0.0, 0.0, -3.4694469519536142e-10,
      0.81083154271528746, -0.78165132766372381, 0.0, 0.0, 0.0,
      -0.81083154329641971, -7.4593109467002726e-10, -0.78165132766372381, 0.0,
      0.0, 0.0, 0.0, -0.81083154333255991, -0.78165132766372381 },

    { 0.33797808526384315, 0.0, -0.0066003180360443836, 0.0, 0.33800649573904135,
      0.0, -0.0066003180406996771, 0.0, -0.6759845818599467, 0.0, 0.0, 0.0, 0.0,
      0.0, 0.0, 0.0, 0.0, 0.0 },

    { 0.00038817347002473215, -4.7537539757326377e-20, -0.00033625831979966492,
      6.151394660574433e-6, 0.00041009297695874522, -0.00034680385299634686,
      -0.0004340043536279212, 0.0, -0.00035781186347172422, 6.151394660574433e-6,
      -0.00041009297695874522, -0.00034680385299634686 },

    { 1.1032738464507925, -1.7364805555191834e-13, -3.4938014950519964e-13,
      21.003151911734523, -3.5889521064620629e-11, -6.8721914816597666e-11,
      -1.2618076529126914e-13, 1.1032738464509453, -3.057076308170577e-13,
      -2.6078997656940033e-11, 21.003151911766068, -6.0131675464526157e-11,
      -1.7343903906101615e-13, -1.4429559397284904e-14, 0.80369437370425456,
      -3.4114882843527472e-11, -2.8382464005047667e-12, -37.923135217188246,
      0.010341932543037474, -5.7113858687120687e-16, -1.1723863321841998e-15,
      1.1032738464507925, -1.7364805555191827e-13, -3.4938014950519944e-13,
      -4.1501589954307242e-16, 0.010341932543037981, -1.0258380406611909e-15,
      -1.2618076529126919e-13, 1.1032738464509453, -3.0570763081705765e-13,
      -5.8199516815785435e-16, -4.84200898098452e-17, 0.0093366582601441973,
      -1.7343903906101618e-13, -1.4429559397284904e-14, 0.80369437370425456 },

    { 4.1232362037017445e-5, 1.3819148484687221e-14, -3.7777485317596455e-5,
      0.0083855651097082748, 2.8102363469821295e-12, -0.007298011324985137,
      -1.7642507544799156e-14, 4.1232362080389354e-5, -3.777748531759615e-5,
      -3.5879602245613197e-12, 0.008385565118528962, -0.0072980113249850173,
      -4.1232362109938769e-5, -3.7930803066321937e-14, -3.7777485317591684e-5,
      -0.0083855651245380875, -7.7138681180225856e-12, -0.0072980113249832348,
      1.9767256039173931e-18, -4.123236211177866e-5, -3.7777485317591982e-5,
      7.9142527821851974e-16, -0.008385565124912675, -0.0072980113249833537 },

    { 0.33797808526384315, 0.0, -0.0066003180360443836, 0.0, 0.33800649573904135,
      0.0, -0.0066003180406996771, 0.0, -0.6759845818599467, 0.0, 0.0, 0.0, 0.0,
      0.0, 0.0, 0.0, 0.0, 0.0 },

    { 0.00038817347002473215, -4.7537539757326377e-20, -0.00033625831979966492,
      6.151394660574433e-6, 0.00041009297695874522, -0.00034680385299634686,
      -0.0004340043536279212, 0.0, -0.00035781186347172422, 6.151394660574433e-6,
      -0.00041009297695874522, -0.00034680385299634686 },

    { 1.0, 0.0, 0.0, 0.0, 0.0, 0.0, 0.0, 1.0, 0.0, 0.0, 0.0, 0.0, 0.0, 0.0, 1.0,
      0.0, 0.0, 0.0, 0.0, 0.0, 0.0, 1.0, 0.0, 0.0, 0.0, 0.0, 0.0, 0.0, 1.0, 0.0,
      0.0, 0.0, 0.0, 0.0, 0.0, 1.0 },

    { 1.0e-8, 0.0, 0.0, 0.0, 1.0e-8, 0.0, 0.0, 0.0, 1.0e-8 },

    { 0.001, 0.0, 0.0, 0.0, 0.001, 0.0, 0.0, 0.0, 0.001 },

    { 0.0, 0.0, 0.0, 1.0, 0.0, 0.0, 0.0, 0.0, 0.0, 0.0, 1.0, 0.0, 0.0, 0.0, 0.0,
      0.0, 0.0, 1.0 },

    { 0.0, 0.0, 0.0, 0.0, 0.0, 0.0, 0.0, 0.0, 0.0, 0.0, 0.0, 0.0, 0.0, 0.0, 0.0,
      0.0, 0.0, 0.0, 0.0, 0.0, 0.0, 0.001, 0.0, 0.0, 0.0, 0.0, 0.0, 0.0, 0.001,
      0.0, 0.0, 0.0, 0.0, 0.0, 0.0, 0.001 },

    { 3.4713733293886224e-10, -2.0088149035543049e-23, -3.5205558459053712e-23,
      5.3477784362368776e-8, -5.49236260283298e-21, -1.0249847430072151e-20,
      -2.0088149035543049e-23, 3.4713733293888364e-10, -2.2001597800909449e-23,
      -4.7063805726775031e-21, 5.347778436237407e-8, -7.9651441802927781e-21,
      -3.5205558459053712e-23, -2.2001597800909449e-23, 3.072792131122458e-10,
      -7.3087829259004647e-21, -3.0960854677868418e-21, 4.3586593733359423e-8,
      5.3477784362368776e-8, -4.7063805726775031e-21, -7.3087829259004647e-21,
      1.070499184824579e-5, -1.0472019732599625e-18, -1.7574491174729528e-18,
      -5.49236260283298e-21, 5.347778436237407e-8, -3.0960854677868418e-21,
      -1.0472019732599625e-18, 1.0704991848246861e-5, -1.1316483389612973e-18,
      -1.0249847430072151e-20, -7.9651441802927781e-21, 4.3586593733359423e-8,
      -1.7574491174729528e-18, -1.1316483389612973e-18, 8.751909856438626e-6 },

    {
      0.001,
      2.0,
      0.0
    },

    { -999999.00000825175, 83333.333334020979, 83333.333334020979,
      83333.333334020979, 83333.333334020979, 83333.333334020979,
      83333.333334020979, 83333.333334020979, 83333.333334020979,
      83333.333334020979, 83333.333334020979, 83333.333334020979,
      83333.333334020979 },

    { -999996.00000925176, 83333.333334020979, 83333.333334020979,
      83333.333334020979, 83333.333334020979, 83333.333334020979,
      83333.333334020979, 83333.333334020979, 83333.333334020979,
      83333.333334020979, 83333.333334020979, 83333.333334020979,
      83333.333334020979 },
    -5.999994
  },

  /* Expression: eye(6,6)
   * Referenced by: '<S5>/Unit Delay1'
   */
  { 1.0, 0.0, 0.0, 0.0, 0.0, 0.0, 0.0, 1.0, 0.0, 0.0, 0.0, 0.0, 0.0, 0.0, 1.0,
    0.0, 0.0, 0.0, 0.0, 0.0, 0.0, 1.0, 0.0, 0.0, 0.0, 0.0, 0.0, 0.0, 1.0, 0.0,
    0.0, 0.0, 0.0, 0.0, 0.0, 1.0 },

  /* Expression: zeros(6,1)
   * Referenced by: '<S5>/Unit Delay'
   */
  { 0.0, 0.0, 0.0, 0.0, 0.0, 0.0 },

  /* Expression: 1
   * Referenced by: '<Root>/Constant'
   */
  1.0,

  /* Expression: 1e+3
   * Referenced by: '<Root>/Gain'
   */
  1000.0,

  /* Expression: 1e+3
   * Referenced by: '<Root>/Gain1'
   */
  1000.0
};

/*
 * File trailer for generated code.
 *
 * [EOF]
 */
